                        MAE          RMSE      sMAPE      MASE
province model                                                
ab       lr     1302.481692   1636.434612  15.156008  1.686631
         rf     1363.407238   1760.270115  15.989034  1.765526
         ridge  1302.481688   1636.434610  15.156007  1.686631
         xgb    1525.179404   1922.044359  18.258305  1.975010
bc       lr     1472.846235   1980.097324  13.053757  1.943429
         rf     1664.408642   2064.330922  15.041118  2.196197
         ridge  1472.846234   1980.097322  13.053757  1.943429
         xgb    1702.699472   2034.153758  15.371228  2.246721
can      lr     5305.954775   6780.140601   9.087411  1.904295
         rf     7854.188395   9149.713577  13.347582  2.818851
         ridge  5305.954775   6780.140601   9.087411  1.904295
         xgb    9602.372541  11006.882001  16.570593  3.446270
mb       lr      289.346691    377.237613  15.387093  1.257007
         rf      302.668889    379.359957  16.764840  1.314883
         ridge   289.346685    377.237613  15.387093  1.257007
         xgb     425.006296    519.505736  25.020258  1.846353
nb       lr      375.978746    437.400967  36.967655  1.969660
         rf      537.438272    654.769311  52.948645  2.815506
         ridge   375.978774    437.400999  36.967658  1.969660
         xgb     551.520319    665.807083  55.134952  2.889279
nl       lr      137.597927    166.350653  40.124566  1.173708
         rf      171.573272    192.557697  47.790544  1.463518
         ridge   137.597971    166.350696  40.124576  1.173709
         xgb     226.930296    247.501134  58.401166  1.935712
ns       lr      527.787551    735.358594  33.307808  2.244736
         rf      635.328997    862.328916  42.042522  2.702121
         ridge   527.787563    735.358608  33.307809  2.244736
         xgb     673.830234    884.255378  45.723320  2.865870
on       lr     2318.747498   2837.660004  11.510437  1.462224
         rf     2825.109753   3401.447718  13.851060  1.781541
         ridge  2318.747497   2837.660005  11.510437  1.462224
         xgb    2607.484363   3171.436936  12.872205  1.644305
pe       lr       85.776191    117.824789  29.177302  1.490670
         rf       90.538117    121.116049  32.106313  1.573426
         ridge    85.776228    117.824837  29.177317  1.490671
         xgb      94.115800    125.732424  34.109857  1.635601
qc       lr     1972.366940   2506.229441  15.189080  2.008457
         rf     2065.390972   2707.043113  15.546442  2.103184
         ridge  1972.366940   2506.229442  15.189080  2.008457
         xgb    2413.490078   3064.281532  18.418514  2.457652
sk       lr      225.647871    282.712312  22.115479  1.093947
         rf      273.576420    336.597264  26.850700  1.326306
         ridge   225.647878    282.712314  22.115480  1.093947
         xgb     296.136321    373.948724  29.698618  1.435677

Rolling:

1.
\                        MAE          RMSE      sMAPE      MASE
province model                                                
ab       lr     1302.481692   1636.434612  15.156008  1.686631
         rf     1363.407238   1760.270115  15.989034  1.765526
         ridge  1302.481688   1636.434610  15.156007  1.686631
         xgb    1525.179404   1922.044359  18.258305  1.975010
bc       lr     1472.846235   1980.097324  13.053757  1.943429
         rf     1664.408642   2064.330922  15.041118  2.196197
         ridge  1472.846234   1980.097322  13.053757  1.943429
         xgb    1702.699472   2034.153758  15.371228  2.246721
can      lr     5305.954775   6780.140601   9.087411  1.904295
         rf     7854.188395   9149.713577  13.347582  2.818851
         ridge  5305.954775   6780.140601   9.087411  1.904295
         xgb    9602.372541  11006.882001  16.570593  3.446270
mb       lr      289.346691    377.237613  15.387093  1.257007
         rf      302.668889    379.359957  16.764840  1.314883
         ridge   289.346685    377.237613  15.387093  1.257007
         xgb     425.006296    519.505736  25.020258  1.846353
nb       lr      375.978746    437.400967  36.967655  1.969660
         rf      537.438272    654.769311  52.948645  2.815506
         ridge   375.978774    437.400999  36.967658  1.969660
         xgb     551.520319    665.807083  55.134952  2.889279
nl       lr      137.597927    166.350653  40.124566  1.173708
         rf      171.573272    192.557697  47.790544  1.463518
         ridge   137.597971    166.350696  40.124576  1.173709
         xgb     226.930296    247.501134  58.401166  1.935712
ns       lr      527.787551    735.358594  33.307808  2.244736
         rf      635.328997    862.328916  42.042522  2.702121
         ridge   527.787563    735.358608  33.307809  2.244736
         xgb     673.830234    884.255378  45.723320  2.865870
on       lr     2318.747498   2837.660004  11.510437  1.462224
         rf     2825.109753   3401.447718  13.851060  1.781541
         ridge  2318.747497   2837.660005  11.510437  1.462224
         xgb    2607.484363   3171.436936  12.872205  1.644305
pe       lr       85.776191    117.824789  29.177302  1.490670
         rf       90.538117    121.116049  32.106313  1.573426
         ridge    85.776228    117.824837  29.177317  1.490671
         xgb      94.115800    125.732424  34.109857  1.635601
qc       lr     1972.366940   2506.229441  15.189080  2.008457
         rf     2065.390972   2707.043113  15.546442  2.103184
         ridge  1972.366940   2506.229442  15.189080  2.008457
         xgb    2413.490078   3064.281532  18.418514  2.457652
sk       lr      225.647871    282.712312  22.115479  1.093947
         rf      273.576420    336.597264  26.850700  1.326306
         ridge   225.647878    282.712314  22.115480  1.093947
         xgb     296.136321    373.948724  29.698618  1.435677


2.

               MAE         RMSE      sMAPE      MASE
model                                               
lr     1014.205813  1659.056755  19.183581  1.210116
rf     1104.737402  1844.049567  19.733857  1.314497
ridge  1014.205813  1659.056755  19.183581  1.210116
xgb    1165.128614  1980.796955  19.248913  1.386292
                        MAE         RMSE      sMAPE      MASE
province model                                               
ab       lr     1127.823253  1127.823253  13.514264  1.450494
         rf     1195.323091  1195.323091  14.100183  1.541313
         ridge  1127.823251  1127.823251  13.514264  1.450494
         xgb    1295.826438  1295.826438  15.592311  1.669206
bc       lr     1103.616540  1103.616540  10.703290  1.388127
         rf     1186.969689  1186.969689  11.805496  1.493846
         ridge  1103.616540  1103.616540  10.703290  1.388127
         xgb    1309.374012  1309.374012  13.279281  1.651871
can      lr     3835.078245  3835.078245   6.922223  1.317145
         rf     4422.118189  4422.118189   7.979513  1.521357
         ridge  3835.078245  3835.078245   6.922223  1.317145
         xgb    5436.648864  5436.648864  10.216908  1.875595
mb       lr      299.512308   299.512308  17.010272  1.349831
         rf      295.746530   295.746530  17.105981  1.339573
         ridge   299.512306   299.512306  17.010271  1.349831
         xgb     323.876106   323.876106  19.115851  1.464071
nb       lr      172.278514   172.278514  20.986346  0.850048
         rf      225.196159   225.196159  26.553259  1.105780
         ridge   172.278526   172.278526  20.986347  0.850048
         xgb     257.581759   257.581759  31.061140  1.269193
nl       lr      126.431480   126.431480  30.219346  1.097573
         rf      138.555364   138.555364  33.037989  1.203024
         ridge   126.431498   126.431498  30.219351  1.097573
         xgb     136.235467   136.235467  31.498817  1.181139
ns       lr      342.953998   342.953998  25.825116  1.415126
         rf      389.101727   389.101727  29.272726  1.604444
         ridge   342.953999   342.953999  25.825116  1.415126
         xgb     405.927420   405.927420  30.564100  1.672693
on       lr     2052.116450  2052.116450  10.761434  1.285168
         rf     2033.047614  2033.047614  10.579316  1.256986
         ridge  2052.116450  2052.116450  10.761434  1.285168
         xgb    2209.661825  2209.661825  11.448994  1.368503
pe       lr       69.754851    69.754851  30.216051  1.181541
         rf       72.225689    72.225689  31.392878  1.223749
         ridge    69.754852    69.754852  30.216050  1.181541
         xgb      75.358741    75.358741  32.886818  1.276449
qc       lr     1679.145502  1679.145502  14.278182  1.676154
         rf     1516.298992  1516.298992  13.060584  1.530687
         ridge  1679.145500  1679.145500  14.278182  1.676154
         xgb    1718.897911  1718.897911  14.854579  1.744588
sk       lr      258.265074   258.265074  19.407972  1.290053
         rf      286.793000   286.793000  22.009403  1.431597
         ridge   258.265078   258.265078  19.407973  1.290053
         xgb     312.593412   312.593412  23.974316  1.554300
