               MAE         RMSE      sMAPE      MASE
model                                               
lr     1022.901536  1664.964191  25.328777  1.221849
rf     1065.323658  1787.468814  18.565145  1.268430
ridge  1022.467851  1664.814778  25.186515  1.221316
xgb    1140.108558  1945.511336  18.114855  1.355969
                        MAE         RMSE      sMAPE      MASE
province model                                               
ab       lr     1038.314176  1038.314176  12.695655  1.332056
         rf     1208.305811  1208.305811  14.290053  1.550500
         ridge  1042.027567  1042.027567  12.753972  1.337051
         xgb    1372.079531  1372.079531  16.595443  1.751582
bc       lr     1148.835616  1148.835616  11.104403  1.452226
         rf     1102.780424  1102.780424  10.848584  1.392607
         ridge  1141.825730  1141.825730  11.019512  1.443095
         xgb    1208.697834  1208.697834  12.008274  1.521298
can      lr     3832.127613  3832.127613   6.884760  1.321403
         rf     4371.893932  4371.893932   7.834434  1.502927
         ridge  3822.644079  3822.644079   6.879369  1.317760
         xgb    5415.154285  5415.154285   9.930612  1.859498
mb       lr      268.389477   268.389477  15.407031  1.217377
         rf      294.594727   294.594727  17.037648  1.337839
         ridge   268.498124   268.498124  15.419679  1.218124
         xgb     326.284624   326.284624  19.143806  1.478891
nb       lr      151.463268   151.463268  17.683343  0.746244
         rf      213.571902   213.571902  24.845263  1.045573
         ridge   152.583795   152.583795  17.928931  0.752028
         xgb     230.086756   230.086756  27.158845  1.127496
nl       lr      123.432355   123.432355  29.404997  1.070491
         rf      133.019038   133.019038  32.241638  1.154587
         ridge   123.157586   123.157586  29.358529  1.068121
         xgb     156.159884   156.159884  35.866316  1.356928
ns       lr      342.238076   342.238076  25.356736  1.407842
         rf      392.106939   392.106939  29.334152  1.612695
         ridge   342.517005   342.517005  25.427869  1.409339
         xgb     407.327757   407.327757  30.983713  1.676026
on       lr     1922.215081  1922.215081  10.018321  1.208110
         rf     2002.850659  2002.850659  10.429138  1.243483
         ridge  1916.254023  1916.254023   9.988030  1.204224
         xgb    2132.366939  2132.366939  11.051488  1.322110
pe       lr       61.168114    61.168114  26.249872  1.036780
         rf       66.065295    66.065295  28.725497  1.121259
         ridge    61.514087    61.514087  26.429425  1.042892
         xgb      74.233389    74.233389  32.592141  1.258893
qc       lr     1690.011173  1690.011173  14.131472  1.678526
         rf     1508.917765  1508.917765  12.842043  1.518732
         ridge  1686.362429  1686.362429  14.102429  1.675192
         xgb    1556.851246  1556.851246  13.117896  1.571379
sk       lr      245.181835   245.181835  18.988411  1.223868
         rf      275.522538   275.522538  21.117071  1.377255
         ridge   245.809268   245.809268  18.935377  1.227521
         xgb     284.571423   284.571423  21.342474  1.425349
