                        MAE          RMSE      sMAPE      MASE
province model                                                
ab       lr     1272.716598   1632.083965  15.718879  0.876480
         rf     1939.142515   2428.917390  22.395416  1.335427
         ridge  1272.716598   1632.083965  15.718879  0.876480
         xgb    2019.650843   2598.172150  23.826421  1.390870
         enet   1272.716598   1632.083965  15.718879  0.876480
bc       lr     1903.035802   2386.843666  17.537872  1.416539
         rf     2119.028596   2531.457217  19.546595  1.577315
         ridge  1903.035802   2386.843667  17.537872  1.416539
         xgb    2022.632174   2468.380630  18.785821  1.505562
         enet   1903.035802   2386.843666  17.537872  1.416539
can      lr     6507.799561   8721.436550  11.088168  1.360953
         rf     7896.586049   9544.301785  13.386689  1.651385
         ridge  6507.799561   8721.436550  11.088168  1.360953
         xgb    8800.806617  10286.965793  15.190361  1.840481
         enet   6507.799561   8721.436550  11.088168  1.360953
mb       lr      441.912264    546.182168  22.938173  1.952948
         rf      278.403843    381.863110  15.333885  1.230353
         ridge   441.912265    546.182174  22.938173  1.952948
         xgb     308.721268    393.856620  16.967452  1.364335
         enet    441.912261    546.182164  22.938173  1.952948
nb       lr      313.889919    388.782728  28.975698  1.966742
         rf      401.006883    498.745296  37.282394  2.512592
         ridge   313.889944    388.782761  28.975700  1.966742
         xgb     419.400912    514.442999  39.591446  2.627843
         enet    313.889913    388.782720  28.975697  1.966742
nl       lr      145.775373    184.923962  41.457633  1.096447
         rf      186.234167    227.387692  49.316247  1.400757
         ridge   145.775417    184.924001  41.457643  1.096447
         xgb     180.635395    221.256717  48.303903  1.358646
         enet    145.775371    184.923960  41.457633  1.096447
ns       lr      458.897522    624.460551  27.730794  2.079112
         rf      548.179120    776.444300  34.480772  2.483617
         ridge   458.897523    624.460559  27.730795  2.079112
         xgb     611.770517    836.961709  39.939183  2.771728
         enet    458.897523    624.460555  27.730794  2.079112
on       lr     3295.982069   3820.706781  16.266375  1.440754
         rf     3064.615309   3783.615495  15.107910  1.339618
         ridge  3295.982068   3820.706781  16.266375  1.440754
         xgb    3691.101297   4592.930787  18.592218  1.613470
         enet   3295.982069   3820.706781  16.266375  1.440754
pe       lr       77.547012    104.586431  26.204537  1.363436
         rf       81.549367    119.034713  27.895550  1.433806
         ridge    77.547017    104.586447  26.204540  1.363436
         xgb      92.869931    126.559447  33.155416  1.632844
         enet     77.547013    104.586435  26.204537  1.363436
qc       lr     2706.494383   3340.811747  20.808809  1.859301
         rf     2851.520571   3508.153333  21.914588  1.958930
         ridge  2706.494383   3340.811746  20.808809  1.859301
         xgb    2831.235327   3665.943769  21.885692  1.944995
         enet   2706.494383   3340.811747  20.808809  1.859301
sk       lr      290.405252    349.936782  27.773423  1.035002
         rf      350.264522    439.230712  31.855097  1.248341
         ridge   290.405259    349.936792  27.773424  1.035003
         xgb     326.626598    404.181203  30.611808  1.164095
         enet    290.405251    349.936780  27.773423  1.035002
